N = 20
2
2
2
2
2
2
3
3
3
3
3
3
3
3
3
3
3
3
2
2
2
2
2
2
3
3
3
3
3
3
3
3
3
3
3
3
3
3
3
2
2
2
2
3
3
3
3
3
3
3
3
3
3
3
3
3
3
3
3
3
2
2
3
3
3
3
3
3
3
3
3
3
3
3
4
3
3
3
3
3
2
3
3
3
3
3
3
3
3
3
3
4
4
4
4
4
4
3
3
3
3
3
3
3
3
3
3
4
4
4
4
4
4
5
13
6
4
4
3
3
3
3
3
3
3
4
4
4
4
4
4
4
5
5
6
8
9
4
3
3
3
3
3
3
4
4
4
4
4
4
5
5
5
6
6
11
6
4
4
3
3
3
3
4
4
5
6
6
5
5
5
5
5
6
6
6
5
4
4
3
3
3
4
4
11
7
8
7
6
5
5
5
6
7
7
6
5
4
4
3
3
3
4
5
7
7
11
9
6
6
0
6
6
9
11
7
7
5
4
3
3
3
4
4
5
6
7
7
6
5
5
5
6
7
8
7
11
4
4
3
3
3
4
4
5
6
6
6
5
5
5
5
5
6
6
5
4
4
3
3
3
3
4
4
6
11
6
6
5
5
5
4
4
4
4
4
4
3
3
3
3
3
3
4
9
8
6
5
5
4
4
4
4
4
4
4
3
3
3
3
3
3
3
4
4
6
13
5
4
4
4
4
4
4
3
3
3
3
3
3
3
3
3
3
4
4
4
4
4
4
3
3
3
3
3
3
3
3
3
3
3
3
3
3
3
3
4
3
3
3
3
3
3
3
3
3
3
3
3
2
2
3
3
3
3
3
3
3
3
3
3
3
3
3
3
3
3
3
2
2
2
2
3
3
3
3
3
3
3
3
3
3
3
3
3
3
3
2
2
2
